 "TBD": {
 "color": 16776960 ,
 "horizonsID": -530 ,
 "orbits":[
   {
    "start": -91584000 ,
    "stop": -85104000 ,
    "interp": -85276800 ,
    "sat":{
      "e": 0.23466470883879512,
      "a": 195705730956.7474,
      "per": 47188718.69147069,
      "t0": -97047499.15972684,
      "rot":[ 0.16697666880661113,-0.9859590216804975,0.9859608471304767,0.16697635965888233,0.001924287375541942,6.157004526880384 ],
    }
   },
   {
    "start": -85104000 ,
    "stop": -78624000 ,
    "interp": -78796800 ,
    "sat":{
      "e": 0.23173040006657128,
      "a": 193957392227.99222,
      "per": 46557791.858029455,
      "t0": -97238260.75454752,
      "rot":[ 0.1221185215762026,-0.9925137337524339,0.9925155246584522,0.12211830122418814,0.001899689164373323,6.076364008893484 ],
    }
   },
   {
    "start": -78624000 ,
    "stop": 1000000000000 ,
    "sat":{
      "e": 0.1085458843327837,
      "a": 225583376247.9199,
      "per": 58397399.5616875,
      "t0": -120554600.23077625,
      "rot":[ 0.6501013455868201,-0.7594595418566119,0.7598475113246117,0.6497694112586369,0.03195178360513809,5.087091428117624 ],
    }
   }
 ]
