2455197.500000000 = A.D. 2010-Jan-01 00:00:00.0000 TDB
 EC= 2.140487409962017E-01 QR= 3.094171757527046E-01 IN= 6.949336447145451E+00
 OM= 4.906574299665078E+01 W = 2.498276430381110E+01 Tp=  2455196.331594523042
 N = 3.992748375619292E+00 MA= 4.665149069629409E+00 TA= 7.370006281829635E+00
 A = 3.936849419198007E-01 AD= 4.779527080868968E-01 PR= 9.016345788235715E+01

2462497.500000000 = A.D. 2029-Dec-27 00:00:00.0000 TDB
 EC= 2.062380255335337E-01 QR= 3.079077815340542E-01 IN= 7.007371032188265E+00
 OM= 4.819959356860197E+01 W = 2.965542510352520E+01 Tp=  2462498.525931385811
 N = 4.082249883335602E+00 MA= 3.558118917196101E+02 TA= 3.535004920865691E+02
 A = 3.879094633388265E-01 AD= 4.679111451435988E-01 PR= 8.818666428764628E+01